MEME version 4.4

ALPHABET= ACGT

strands: + -

Background letter frequencies:
A 0.29000 C 0.21000 G 0.21000 T 0.29000

MOTIF CTCF_known2 

letter-probability matrix: alength= 4 nsites=1000
0.4526	0.0484	0.1468	0.3522	
0.1760	0.0277	0.7503	0.0460	
0.0047	0.9295	0.0031	0.0628	
0.0096	0.0031	0.9757	0.0116	
0.0667	0.9206	0.0041	0.0086	
0.0096	0.9826	0.0031	0.0047	
0.5048	0.4491	0.0208	0.0253	
0.0125	0.6341	0.0031	0.3502	
0.0047	0.9875	0.0031	0.0047	
0.0076	0.0061	0.0051	0.9812	
0.7568	0.0238	0.1183	0.1011	
0.0116	0.1321	0.7907	0.0657	
0.0185	0.3851	0.0031	0.5934	
0.0047	0.0031	0.9738	0.0185	
0.0440	0.0139	0.7227	0.2193	
0.1543	0.2807	0.0110	0.5540	
0.3630	0.3093	0.2118	0.1159	

